Function A: ADD 573
Function B: MULTIPLY 99
Function C: RAISE TO THE POWER OF 3

3949
6377
9043
2982
5852
1029
9451
2282
3639
5349
6606
2143
6122
4316
8022
2817
3938
3329
8127
1762
3381
8913
4794
6609
5742
1083
3187
2407
9016
4389
3847
6862
8372
6937
7132
2605
4365
9357
9633
9493
7600
9308
9278
5704
1480
4526
4323
7683
3826
6068
1650
8842
8217
6135
5629
6604
7687
7473
4868
6795
5674
5517
4343
1292
6993
9603
7392
5101
4600
7531
7067
7809
5490
8135
8737
8696
5291
5971
5901
1836
1216
8708
6762
3521
2453
9835
9314
2674
2054
2768
5642
8933
6889
9791
7645
5175
8618
8757
9094
1085
9234
